z m sel_prob sel_tag
5.131262166810159897e-01 2.288299523918875877e+01 9.872587767169425099e-01 1.000000000000000000e+00
1.160973700090004446e-01 1.938365091356986269e+01 1.000000000000000000e+00 1.000000000000000000e+00
7.897071419190078156e-01 2.407890187518690439e+01 4.373057216589503193e-01 1.000000000000000000e+00
5.339267449315192593e-01 2.302041867854380541e+01 9.749531287392648737e-01 1.000000000000000000e+00
6.418800333408143377e-01 2.353489331825459629e+01 8.238696879316864674e-01 1.000000000000000000e+00
7.745134993602713624e-01 2.417314304517453394e+01 3.645638605099444374e-01 1.000000000000000000e+00
7.866417318641851786e-01 2.406708360020867588e+01 4.466351808247301380e-01 1.000000000000000000e+00
1.574381530358228698e-01 1.992864320155475610e+01 9.999999999999997780e-01 1.000000000000000000e+00
5.748363324858574153e-01 2.318481578389635800e+01 9.484881738317509914e-01 1.000000000000000000e+00
4.812293549225832301e-01 2.276473131715922804e+01 9.932544887991849869e-01 1.000000000000000000e+00
4.189839238153258982e-01 2.241288700134558454e+01 9.992488166814725847e-01 1.000000000000000000e+00
5.126660126538160611e-01 2.310500848292950238e+01 9.632716805629693013e-01 1.000000000000000000e+00
5.158542767930247575e-01 2.286084056205233850e+01 9.886462070829858950e-01 1.000000000000000000e+00
3.825876450695298026e-02 1.681619788813834049e+01 1.000000000000000000e+00 1.000000000000000000e+00
1.987937614948398490e-01 2.047513740082533573e+01 9.999999999991036059e-01 1.000000000000000000e+00
7.676582004091745404e-01 2.415670264252614174e+01 3.769863847248906552e-01 1.000000000000000000e+00
2.622029470020228459e-01 2.131252428763902529e+01 9.999999616983346051e-01 1.000000000000000000e+00
6.171903559346203494e-02 1.784561313813281913e+01 1.000000000000000000e+00 1.000000000000000000e+00
8.703853523936648795e-01 2.436644323648350152e+01 2.318138370519074454e-01 1.000000000000000000e+00
4.481761929239760356e-01 2.255628212287706091e+01 9.980580204222615492e-01 1.000000000000000000e+00
7.890630852785007754e-02 1.825044182179413355e+01 1.000000000000000000e+00 1.000000000000000000e+00
6.339739505296722033e-01 2.354272925310488773e+01 8.197838074482448611e-01 1.000000000000000000e+00
1.533860438821212924e-01 1.985887307342921915e+01 9.999999999999998890e-01 1.000000000000000000e+00
7.581832589803747524e-01 2.404383167256649756e+01 4.650721268845980916e-01 1.000000000000000000e+00
3.926839123477350313e-01 2.221485876953178362e+01 9.998217017526794814e-01 1.000000000000000000e+00
1.497234695239166857e-01 2.002002225613790287e+01 9.999999999999991118e-01 1.000000000000000000e+00
7.335718929631962482e-01 2.380575371139437024e+01 6.511742269509090963e-01 1.000000000000000000e+00
1.851000453437550153e-01 2.037001431883265212e+01 9.999999999998063771e-01 1.000000000000000000e+00
7.205841450135044290e-01 2.384518196655383093e+01 6.215811370600876629e-01 1.000000000000000000e+00
4.220715439796387525e-01 2.242309055075886448e+01 9.991942547237864236e-01 1.000000000000000000e+00
6.416046916134110489e-01 2.360818133734294122e+01 7.833735260876356632e-01 1.000000000000000000e+00
4.264141178841731605e-01 2.264246508591955731e+01 9.966869101248593266e-01 1.000000000000000000e+00
3.430537057020650593e-01 2.188246997362087143e+01 9.999885754682429351e-01 1.000000000000000000e+00
4.624534391599799399e-01 2.277971036655996429e+01 9.926681362692764132e-01 1.000000000000000000e+00
5.745344488798591609e-01 2.340202680601277407e+01 8.841412594137865177e-01 1.000000000000000000e+00
2.005071948264580683e-01 2.064870929398087540e+01 9.999999999897615233e-01 1.000000000000000000e+00
4.788699022936608873e-01 2.284539983898798354e+01 9.895337661424830067e-01 1.000000000000000000e+00
5.045243099766505424e-02 1.744188161435605267e+01 1.000000000000000000e+00 1.000000000000000000e+00
1.016874424849235403e+00 2.459749795518287740e+01 1.160443139791323408e-01 1.000000000000000000e+00
9.260013662368440368e-01 2.463506412738762208e+01 1.020194742672779209e-01 1.000000000000000000e+00
3.531260130523430352e-01 2.205385366189234020e+01 9.999503493257778652e-01 1.000000000000000000e+00
1.464238724438837735e-02 1.463931489212310133e+01 1.000000000000000000e+00 1.000000000000000000e+00
5.288343169069509297e-01 2.294128542219140954e+01 9.828882790285173865e-01 1.000000000000000000e+00
5.136173864918041065e-01 2.296019255526603331e+01 9.812195649063977232e-01 1.000000000000000000e+00
9.174167279107707795e-01 2.458739206048777248e+01 1.200405472504106896e-01 1.000000000000000000e+00
6.391652247411634402e-01 2.367884856224428702e+01 7.396617262026123907e-01 1.000000000000000000e+00
4.893757891593308873e-01 2.283602292947312407e+01 9.900427305523381571e-01 1.000000000000000000e+00
3.220345383263700789e-02 1.641404522284217649e+01 1.000000000000000000e+00 1.000000000000000000e+00
4.650936090147985702e-01 2.263914323408838669e+01 9.967527793554969984e-01 1.000000000000000000e+00
6.098729616517262198e-01 2.330587229763622048e+01 9.174703567311975894e-01 1.000000000000000000e+00
1.050066854737298438e+00 2.484695795765350113e+01 4.514063111094933356e-02 1.000000000000000000e+00
3.558222919584161925e-01 2.201824037167936865e+01 9.999630735483457933e-01 1.000000000000000000e+00
2.155527839051838424e-01 2.071549227533649074e+01 9.999999999746754797e-01 1.000000000000000000e+00
2.320041326372515034e-01 2.095396153077362200e+01 9.999999994427245520e-01 1.000000000000000000e+00
3.354923269535881047e-01 2.179003225292778012e+01 9.999950634816219264e-01 1.000000000000000000e+00
6.090531224594959436e-01 2.340873430037982317e+01 8.815025428620879566e-01 1.000000000000000000e+00
5.341892125593530327e-01 2.300213774681060741e+01 9.770180409610110805e-01 1.000000000000000000e+00
2.408668290199231787e-01 2.111602037555986655e+01 9.999999959881399336e-01 1.000000000000000000e+00
2.794630610434503115e-01 2.132739246262864441e+01 9.999999548451226072e-01 1.000000000000000000e+00
1.745477403849935438e-01 2.025474751250691341e+01 9.999999999999656941e-01 1.000000000000000000e+00
5.020106078264645610e-01 2.302159251796198447e+01 9.748153864555249015e-01 1.000000000000000000e+00
2.483565426057694481e-01 2.108183810972023053e+01 9.999999973317427182e-01 1.000000000000000000e+00
5.687476442643482066e-01 2.325257362798288341e+01 9.325235612356570503e-01 1.000000000000000000e+00
6.294762142060372767e-01 2.336882984302445720e+01 8.965868218748094254e-01 1.000000000000000000e+00
5.608931916340640367e-01 2.330704131640126420e+01 9.171139314776812768e-01 1.000000000000000000e+00
3.406117318590917709e-01 2.182617001624805653e+01 9.999931201146129434e-01 1.000000000000000000e+00
6.401975236472108310e-01 2.353309125016334846e+01 8.248009795112114517e-01 1.000000000000000000e+00
2.573631745276492300e-01 2.115854057230433583e+01 9.999999933792447226e-01 1.000000000000000000e+00
2.958611488052418359e-01 2.154917716298989205e+01 9.999995248143164206e-01 1.000000000000000000e+00
5.537013017070342435e-01 2.324227799833499830e+01 9.351699995112746633e-01 1.000000000000000000e+00
1.634691840190287682e-01 1.980020569192792834e+01 1.000000000000000000e+00 1.000000000000000000e+00
1.331049068282024184e-01 1.958501350560386456e+01 1.000000000000000000e+00 1.000000000000000000e+00
2.502412980359787209e-01 2.114630647117769158e+01 9.999999942638151396e-01 1.000000000000000000e+00
2.149423875155518360e-01 2.087176713730514876e+01 9.999999998031001702e-01 1.000000000000000000e+00
4.737125079177184617e-01 2.280430409870228914e+01 9.916076848209776085e-01 1.000000000000000000e+00
6.538778171889390034e-01 2.352011385790981990e+01 8.314150828723430031e-01 1.000000000000000000e+00
1.362824799434425582e-01 1.962568703995692232e+01 1.000000000000000000e+00 1.000000000000000000e+00
5.483859991722961347e-02 1.754666951561505428e+01 1.000000000000000000e+00 1.000000000000000000e+00
8.373035114344038465e-01 2.420269656149704574e+01 3.425942825852503204e-01 1.000000000000000000e+00
6.661695109433063422e-02 1.789553698442731999e+01 1.000000000000000000e+00 1.000000000000000000e+00
6.604564785823776596e-01 2.366705711934199030e+01 7.472579388758717744e-01 1.000000000000000000e+00
4.424204217366329850e-01 2.254606456702247286e+01 9.981805071483613734e-01 1.000000000000000000e+00
9.788729159136340119e-01 2.476347561582647572e+01 6.338656935844745599e-02 1.000000000000000000e+00
5.360927500019616598e-01 2.295391816359693138e+01 9.817880615454446236e-01 1.000000000000000000e+00
4.196779919911186596e-01 2.247177484940048586e+01 9.988801269631316648e-01 1.000000000000000000e+00
1.549783799804611562e-01 2.009240297386874019e+01 9.999999999999972244e-01 1.000000000000000000e+00
6.578861584727473399e-01 2.361498149570428851e+01 7.793610300550577463e-01 1.000000000000000000e+00
6.335954207494536305e-01 2.337954322762499260e+01 8.926811557281230103e-01 1.000000000000000000e+00
1.422454557129693153e-01 1.978038096831493320e+01 1.000000000000000000e+00 1.000000000000000000e+00
5.673331215053010190e-01 2.312676003827557381e+01 9.596362036507759541e-01 1.000000000000000000e+00
3.320729811741824911e-01 2.193045592558392443e+01 9.999825655517718959e-01 1.000000000000000000e+00
9.224279317535550859e-01 2.447621102667574888e+01 1.704414897159929332e-01 1.000000000000000000e+00
5.180814453937210295e-02 1.744233674317349880e+01 1.000000000000000000e+00 1.000000000000000000e+00
7.667441512771047130e-01 2.411088397931470695e+01 4.122472618437844627e-01 1.000000000000000000e+00
4.387297414296555953e-01 2.235679919350405953e+01 9.994926189187056664e-01 1.000000000000000000e+00
2.931613866064797236e-01 2.150831109966663135e+01 9.999996875810979180e-01 1.000000000000000000e+00
3.347280116832520580e-01 2.167735855776149378e+01 9.999983019461359257e-01 1.000000000000000000e+00
5.029889013379384988e-01 2.291153395247619073e+01 9.852571828352765237e-01 1.000000000000000000e+00
3.735418572238886625e-01 2.193506198553550490e+01 9.999818520550391998e-01 1.000000000000000000e+00
8.439322425138062744e-01 2.428082858379418951e+01 2.871748112421576571e-01 1.000000000000000000e+00
1.288466762467290749e-01 1.960256630899277397e+01 1.000000000000000000e+00 1.000000000000000000e+00
6.301563623248207513e-01 2.347855995918099836e+01 8.514980821095186059e-01 1.000000000000000000e+00
8.614166245071561701e-01 2.414534820729459241e+01 3.856417569932203970e-01 1.000000000000000000e+00
5.135403893613836868e-01 2.279463862545866348e+01 9.920395269901026714e-01 1.000000000000000000e+00
1.782278068030107576e-01 2.036669237949937994e+01 9.999999999998157030e-01 1.000000000000000000e+00
1.196043129401296312e-01 1.937296165379355983e+01 1.000000000000000000e+00 1.000000000000000000e+00
8.892174116233466652e-01 2.447940438040565780e+01 1.688275474680942523e-01 1.000000000000000000e+00
5.906248308375401379e-01 2.338957939624697246e+01 8.889269258715378763e-01 1.000000000000000000e+00
3.615474645944418697e-01 2.208496059516684795e+01 9.999359488874633994e-01 1.000000000000000000e+00
4.695327379597027395e-01 2.279134698220463662e+01 9.921820675813521895e-01 1.000000000000000000e+00
4.998869254548063967e-01 2.296560417529370213e+01 9.807171788093319575e-01 1.000000000000000000e+00
3.029215159704758964e-01 2.153969651609824254e+01 9.999995686188444255e-01 1.000000000000000000e+00
8.425419421356685756e-01 2.422789154941325762e+01 3.242729794296335122e-01 1.000000000000000000e+00
5.785857349875438427e-01 2.340989065591813656e+01 8.810433759441334001e-01 1.000000000000000000e+00
3.058715033865830879e-01 2.162535583451462529e+01 9.999989793313565078e-01 1.000000000000000000e+00
5.709277290436403085e-01 2.322626673333139635e+01 9.391246057785459511e-01 1.000000000000000000e+00
7.411678070284797304e-01 2.396515113249693840e+01 5.277828776985936665e-01 1.000000000000000000e+00
6.038253474258292730e-01 2.346457811516265934e+01 8.578801586722339945e-01 1.000000000000000000e+00
3.756613743055523535e-01 2.204043499726145328e+01 9.999555654139925531e-01 1.000000000000000000e+00
8.009815553097676677e-01 2.412244033687744249e+01 4.032744131423025014e-01 1.000000000000000000e+00
6.530150370987988229e-01 2.357630438720927302e+01 8.016114531967241108e-01 1.000000000000000000e+00
3.097781336807741148e-01 2.148529291656291917e+01 9.999997540096636772e-01 1.000000000000000000e+00
7.542348889111758492e-01 2.390749061470655334e+01 5.733928435266293366e-01 1.000000000000000000e+00
2.437844837765896777e-01 2.119171934878239227e+01 9.999999902602419999e-01 1.000000000000000000e+00
9.873187440149067129e-01 2.458060108025118495e+01 1.227798481841211320e-01 1.000000000000000000e+00
2.367354892554422996e-01 2.106245188693745263e+01 9.999999978870109940e-01 1.000000000000000000e+00
5.332276179107449110e-01 2.308759036702994294e+01 9.659858462317284511e-01 1.000000000000000000e+00
6.730416089800348445e-01 2.333110895406866447e+01 9.095162593706365151e-01 1.000000000000000000e+00
3.511922768612714130e-01 2.200328047184682134e+01 9.999674390888529940e-01 1.000000000000000000e+00
9.722763557029145964e-02 1.874180900086951240e+01 1.000000000000000000e+00 1.000000000000000000e+00
7.020835534369613828e-01 2.375226846978356932e+01 6.898633545687660185e-01 1.000000000000000000e+00
9.424798763628867704e-01 2.456011186062514540e+01 1.313092189187594072e-01 1.000000000000000000e+00
7.065031039779878785e-01 2.384139221197571246e+01 6.244599840921416511e-01 1.000000000000000000e+00
2.040615973812545114e-01 2.050565142962903309e+01 9.999999999986127763e-01 1.000000000000000000e+00
5.618661898288206391e-01 2.332123622838684796e+01 9.126931760402443583e-01 1.000000000000000000e+00
5.973551457710135626e-01 2.346838695209903491e+01 8.561602845815927676e-01 1.000000000000000000e+00
1.738713903485715750e-01 2.032580763866683071e+01 9.999999999998997469e-01 1.000000000000000000e+00
6.162544303039698690e-01 2.356352552520488786e+01 8.086545480123212837e-01 1.000000000000000000e+00
2.567179317723204957e-01 2.124201881028118422e+01 9.999999826561768446e-01 1.000000000000000000e+00
1.952962011051224689e-01 2.045918587292018742e+01 9.999999999992876809e-01 1.000000000000000000e+00
5.470667249585341452e-01 2.334037224601493676e+01 9.064581466325108972e-01 1.000000000000000000e+00
1.554520423074561286e-01 1.979938604563563231e+01 1.000000000000000000e+00 1.000000000000000000e+00
2.204121829847482950e-02 1.553118008434253206e+01 1.000000000000000000e+00 1.000000000000000000e+00
1.310115860875600280e-01 1.963104499627719690e+01 1.000000000000000000e+00 1.000000000000000000e+00
1.934957756427528874e-01 2.036113229527265744e+01 9.999999999998302469e-01 1.000000000000000000e+00
2.127550684989307772e-01 2.089149666834926222e+01 9.999999997466358925e-01 1.000000000000000000e+00
7.441842130758000717e-01 2.375658030530676967e+01 6.868139229393775969e-01 1.000000000000000000e+00
2.966851089339852532e-01 2.169963844876169645e+01 9.999978948659900002e-01 1.000000000000000000e+00
8.781022630815065178e-01 2.439440426157918651e+01 2.151119636143759006e-01 1.000000000000000000e+00
5.635566818083972418e-01 2.329146998134788049e+01 9.217673124373414462e-01 1.000000000000000000e+00
4.667409904096255779e-01 2.268478287769855584e+01 9.957362067698145580e-01 1.000000000000000000e+00
7.392243736414361166e-01 2.389339328339577051e+01 5.844197545109995895e-01 1.000000000000000000e+00
7.691160073969034450e-01 2.396118696359945943e+01 5.309372490701441683e-01 1.000000000000000000e+00
5.835014131139750759e-01 2.319763740304316713e+01 9.457228525334014924e-01 1.000000000000000000e+00
5.120531916889596857e-01 2.284174443937699550e+01 9.897348110367160112e-01 1.000000000000000000e+00
3.200321714152796204e-01 2.187756564185808728e+01 9.999890639280151206e-01 1.000000000000000000e+00
8.705902450571161300e-01 2.429768410964349812e+01 2.757986821362850560e-01 1.000000000000000000e+00
2.059359026101312828e-01 2.060575382364214292e+01 9.999999999943344209e-01 1.000000000000000000e+00
8.515167184957264102e-01 2.433788760039614729e+01 2.495916910599028649e-01 1.000000000000000000e+00
6.516345459567409737e-01 2.364079890811917650e+01 7.637453296369304256e-01 1.000000000000000000e+00
7.719769303369565794e-01 2.405420929040494116e+01 4.568318313287413890e-01 1.000000000000000000e+00
5.950467490218367406e-01 2.328628642744580191e+01 9.232715944459323199e-01 1.000000000000000000e+00
1.076470811386860404e-01 1.908006745860970099e+01 1.000000000000000000e+00 1.000000000000000000e+00
2.746165281130106273e-01 2.156951141371594005e+01 9.999994159613793121e-01 1.000000000000000000e+00
6.048083969120430226e-01 2.342192315350096976e+01 8.761908514712981599e-01 1.000000000000000000e+00
8.753131886411555929e-01 2.416875491062925363e+01 3.678663048756788401e-01 1.000000000000000000e+00
3.982477218101272420e-01 2.227358733767953680e+01 9.997226259505117563e-01 1.000000000000000000e+00
4.591613789880741869e-01 2.258484271782076291e+01 9.976748870543498127e-01 1.000000000000000000e+00
5.880209505596880604e-01 2.330883372900306583e+01 9.165651907833356482e-01 1.000000000000000000e+00
8.378907542173701373e-01 2.429417565215830876e+01 2.781482579419125578e-01 1.000000000000000000e+00
7.004318482876750185e-01 2.367214377623503196e+01 7.439954208246286615e-01 1.000000000000000000e+00
5.332677846976165981e-01 2.299762507576825143e+01 9.775051017582823132e-01 1.000000000000000000e+00
1.936953220330008829e-01 2.052335155837966951e+01 9.999999999982157606e-01 1.000000000000000000e+00
3.534652836455853819e-01 2.205397145799632241e+01 9.999503010752625043e-01 1.000000000000000000e+00
8.703434246469206048e-01 2.434244915923848751e+01 2.467040435858551817e-01 1.000000000000000000e+00
1.146647528167827890e-01 1.914381876756520384e+01 1.000000000000000000e+00 1.000000000000000000e+00
9.799865493252044590e-01 2.452963770927644660e+01 1.447371832367740918e-01 1.000000000000000000e+00
7.968305766486902808e-01 2.406975023598549868e+01 4.445273415038601406e-01 1.000000000000000000e+00
5.370037008611612261e-01 2.300308775486152513e+01 9.769143808996101352e-01 1.000000000000000000e+00
3.323094772366756988e-01 2.192883100607372171e+01 9.999828108395769632e-01 1.000000000000000000e+00
6.951145314550188914e-02 1.798694210487419198e+01 1.000000000000000000e+00 1.000000000000000000e+00
5.636643592700822936e-01 2.315553614048714692e+01 9.543833587421468589e-01 1.000000000000000000e+00
5.643846018960696487e-01 2.307192089720802741e+01 9.682844943270918492e-01 1.000000000000000000e+00
9.156155625815731725e-04 8.664961832586522306e+00 1.000000000000000000e+00 1.000000000000000000e+00
5.405812678196975085e-01 2.306714375022894004e+01 9.689592000322541088e-01 1.000000000000000000e+00
6.292534615660743125e-01 2.336034890856755908e+01 8.996046678868152568e-01 1.000000000000000000e+00
2.290208346028097530e-01 2.082071602933223531e+01 9.999999998981783378e-01 1.000000000000000000e+00
5.071267990623158362e-01 2.307043405562176375e+01 9.684957768899522534e-01 1.000000000000000000e+00
8.451115457755620231e-01 2.422716773654786593e+01 3.247936939713425009e-01 1.000000000000000000e+00
7.632996792835804456e-01 2.393412017145347548e+01 5.524128013754294741e-01 1.000000000000000000e+00
8.380564166430737316e-03 1.346720219220677883e+01 1.000000000000000000e+00 1.000000000000000000e+00
7.412464147262403102e-01 2.384166247571340236e+01 6.242549082731709831e-01 1.000000000000000000e+00
5.000978641566637961e-01 2.290326661559155141e+01 9.858631168457540062e-01 1.000000000000000000e+00
3.989543228456555735e-01 2.233680593621109622e+01 9.995601033584431416e-01 1.000000000000000000e+00
1.458138379464581913e-01 1.983025819608339901e+01 1.000000000000000000e+00 1.000000000000000000e+00
3.210544022616832471e-01 2.157992786769150229e+01 9.999993512754580260e-01 1.000000000000000000e+00
9.808951305515156704e-02 1.906888357729182459e+01 1.000000000000000000e+00 1.000000000000000000e+00
6.705823847829737172e-01 2.387125327702736755e+01 6.016010629202691584e-01 1.000000000000000000e+00
3.970793488650061764e-01 2.226033589131232304e+01 9.997486637379051633e-01 1.000000000000000000e+00
3.990289329078058334e-01 2.232485376184028425e+01 9.995963686334028431e-01 1.000000000000000000e+00
2.764669689579142275e-01 2.127031446174978768e+01 9.999999761087922101e-01 1.000000000000000000e+00
5.893191085927351747e-01 2.348035107466018445e+01 8.506668829306143209e-01 1.000000000000000000e+00
4.633496749706249584e-01 2.275151140966541874e+01 9.937371491598613327e-01 1.000000000000000000e+00
5.495419393190787982e-01 2.295443221531290234e+01 9.817420435004335921e-01 1.000000000000000000e+00
3.541998718053140927e-02 1.663711878845130343e+01 1.000000000000000000e+00 1.000000000000000000e+00
4.389486476806376825e-01 2.247365126593833295e+01 9.988660277094243423e-01 1.000000000000000000e+00
4.299649672479071150e-01 2.247958674094532938e+01 9.988203513759217334e-01 1.000000000000000000e+00
6.017995065618817474e-01 2.328356272372698754e+01 9.240531545918339029e-01 1.000000000000000000e+00
5.679154822900471800e-01 2.332601088744442208e+01 9.111673068816688037e-01 1.000000000000000000e+00
7.522694881749283358e-01 2.399265973783462869e+01 5.058564714909362658e-01 1.000000000000000000e+00
3.844015553191018064e-01 2.215466203350898056e+01 9.998881705333867442e-01 1.000000000000000000e+00
3.449963098101875847e-01 2.194425814973327604e+01 9.999803437683899565e-01 1.000000000000000000e+00
7.930777645025872680e-01 2.394740908483874620e+01 5.418842359786220086e-01 1.000000000000000000e+00
3.887283782777859464e-01 2.213413499976118715e+01 9.999049153658143840e-01 1.000000000000000000e+00
3.721928578725486325e-02 1.678299609470867182e+01 1.000000000000000000e+00 1.000000000000000000e+00
4.357507641195026427e-01 2.266366754097061076e+01 9.962374312310952051e-01 1.000000000000000000e+00
1.125114736969827778e-01 1.911955634670830051e+01 1.000000000000000000e+00 1.000000000000000000e+00
4.378324604568961664e-01 2.272414585244588636e+01 9.946401886767675116e-01 1.000000000000000000e+00
5.092619894114616130e-01 2.292036170567024200e+01 9.845856423517054257e-01 1.000000000000000000e+00
3.146925128260034121e-01 2.178787373037810227e+01 9.999951611619170011e-01 1.000000000000000000e+00
6.279658992025196618e-01 2.345455669571053647e+01 8.623386098342480377e-01 1.000000000000000000e+00
8.220418389783445967e-01 2.413705963136410659e+01 3.919964855450973618e-01 1.000000000000000000e+00
8.240125154541375618e-01 2.427237156048206757e+01 2.929651015661645652e-01 1.000000000000000000e+00
2.026705899600289573e-01 2.077394214117406079e+01 9.999999999448503374e-01 1.000000000000000000e+00
1.049353155713180108e+00 2.496219828675166852e+01 2.715244681252360071e-02 1.000000000000000000e+00
4.593244416490205317e-02 1.719044171107812957e+01 1.000000000000000000e+00 1.000000000000000000e+00
3.465257257124454426e-02 1.656354995563342669e+01 1.000000000000000000e+00 1.000000000000000000e+00
5.865153200685300217e-01 2.326967954261929705e+01 9.279429941232322232e-01 1.000000000000000000e+00
1.184233625871491391e-01 1.931561500658421693e+01 1.000000000000000000e+00 1.000000000000000000e+00
5.873035224261096143e-01 2.338275304757162942e+01 8.914905417170948532e-01 1.000000000000000000e+00
6.096912984068560970e-01 2.352218497594077107e+01 8.303704125032604910e-01 1.000000000000000000e+00
2.848451980795312366e-01 2.146102044653881435e+01 9.999998092446101827e-01 1.000000000000000000e+00
6.094625863758453832e-01 2.356267269459401703e+01 8.091190680941173774e-01 1.000000000000000000e+00
7.044373196447439867e-02 1.824954695754422929e+01 1.000000000000000000e+00 1.000000000000000000e+00
2.764819312944803986e-01 2.130773480992417390e+01 9.999999636829820515e-01 1.000000000000000000e+00
3.104459921398936562e-01 2.169024810834446981e+01 9.999980767056662057e-01 1.000000000000000000e+00
6.997403338308454401e-01 2.388148043438328116e+01 5.936867835735926135e-01 1.000000000000000000e+00
3.253824099108950652e-01 2.176991745434983372e+01 9.999959051728543047e-01 1.000000000000000000e+00
8.515150928357240190e-02 1.856794876550930340e+01 1.000000000000000000e+00 1.000000000000000000e+00
6.908935513923237792e-01 2.389454444275050449e+01 5.835216844533022140e-01 1.000000000000000000e+00
4.680311772935337178e-01 2.264358907491559592e+01 9.966643519342683888e-01 1.000000000000000000e+00
1.728260037411073480e-01 2.021699237408543937e+01 9.999999999999807931e-01 1.000000000000000000e+00
6.680048379510463707e-01 2.373552790122013789e+01 7.015779196220859326e-01 1.000000000000000000e+00
3.355969208016178484e-01 2.189935201228067285e+01 9.999867304322118677e-01 1.000000000000000000e+00
1.012413420107040274e+00 2.463685910669075696e+01 1.013816496232295972e-01 1.000000000000000000e+00
1.001761551839796205e+00 2.484222020124133934e+01 4.604829407643713096e-02 1.000000000000000000e+00
3.030234904236397409e-01 2.151673046750353180e+01 9.999996592083579827e-01 1.000000000000000000e+00
3.488761922786831615e-01 2.203485922604197711e+01 9.999575767747410637e-01 1.000000000000000000e+00
1.244422777416875903e-03 9.373464572951732521e+00 1.000000000000000000e+00 1.000000000000000000e+00
4.366650285902531348e-01 2.261970240017485168e+01 9.971151930075187186e-01 1.000000000000000000e+00
9.014892061299804027e-01 2.439875540486607974e+01 2.125772136876989959e-01 1.000000000000000000e+00
4.832138419076270619e-01 2.291735861386270656e+01 9.848169815682035200e-01 1.000000000000000000e+00
4.950330536174207818e-01 2.296968872848210452e+01 9.803304678083625268e-01 1.000000000000000000e+00
6.125970931344693060e-01 2.367375393318805976e+01 7.429581270753780053e-01 1.000000000000000000e+00
2.384320441790719336e-01 2.108228982038708921e+01 9.999999973172439827e-01 1.000000000000000000e+00
4.600318259619529115e-02 1.708159274953655071e+01 1.000000000000000000e+00 1.000000000000000000e+00
6.186794076365031980e-01 2.363770874449564019e+01 7.656459043533201392e-01 1.000000000000000000e+00
3.296822568747361792e-01 2.183418253730645375e+01 9.999925996897740532e-01 1.000000000000000000e+00
6.020386524011338558e-01 2.340128100156596602e+01 8.844320594923734680e-01 1.000000000000000000e+00
6.089077356635412830e-01 2.353256122367058367e+01 8.250742966996693628e-01 1.000000000000000000e+00
8.470996708559292987e-01 2.413186213421592541e+01 3.959961969298082529e-01 1.000000000000000000e+00
3.827471685505356991e-01 2.218359384894390729e+01 9.998598255240925825e-01 1.000000000000000000e+00
7.479439476684552890e-01 2.399543694224248114e+01 5.036407427975645446e-01 1.000000000000000000e+00
5.121395561020696263e-01 2.325130846207774482e+01 9.328531952924574711e-01 1.000000000000000000e+00
2.235853871358202127e-01 2.083741622785520420e+01 9.999999998735210616e-01 1.000000000000000000e+00
1.860672457600607288e-01 2.030293636250556943e+01 9.999999999999288347e-01 1.000000000000000000e+00
4.023355896214431127e-01 2.219608166749989309e+01 9.998456196218010739e-01 1.000000000000000000e+00
4.333099010669201334e-01 2.254371272936611703e+01 9.982076868307648843e-01 1.000000000000000000e+00
3.116016136961536898e-01 2.160035731403012349e+01 9.999992038361320557e-01 1.000000000000000000e+00
4.578205900800096373e-01 2.257895363372465170e+01 9.977590773413387293e-01 1.000000000000000000e+00
3.887261703772191268e-01 2.221388763546999101e+01 9.998230192696726526e-01 1.000000000000000000e+00
3.442612229640995558e-02 1.647839940772468381e+01 1.000000000000000000e+00 1.000000000000000000e+00
7.059738269085968909e-02 1.812201720438912034e+01 1.000000000000000000e+00 1.000000000000000000e+00
6.151960375529836877e-01 2.344775574851712818e+01 8.653093559466445983e-01 1.000000000000000000e+00
1.365501755781561855e-01 1.962272290985646706e+01 1.000000000000000000e+00 1.000000000000000000e+00
5.122062788867265404e-01 2.312737970386848829e+01 9.595285009431053780e-01 1.000000000000000000e+00
5.391441601764552782e-01 2.303749633205036673e+01 9.728857797530505724e-01 1.000000000000000000e+00
1.911282888987408946e-02 1.516297972686476392e+01 1.000000000000000000e+00 1.000000000000000000e+00
2.966381077247903786e-01 2.158430851250724558e+01 9.999993220604708188e-01 1.000000000000000000e+00
6.310665094866378944e-01 2.339619288672906450e+01 8.864021577989162903e-01 1.000000000000000000e+00
2.108341378863047844e-01 2.072301637058485468e+01 9.999999999719858534e-01 1.000000000000000000e+00
2.897899315289276245e-02 1.619245145247538886e+01 1.000000000000000000e+00 1.000000000000000000e+00
2.118843920040154316e-01 2.078555895429929734e+01 9.999999999357270797e-01 1.000000000000000000e+00
6.318449958532572630e-01 2.352989618862770627e+01 8.264444637391801241e-01 1.000000000000000000e+00
7.838886028690996710e-01 2.410188729602644742e+01 4.192648244185151474e-01 1.000000000000000000e+00
6.239604968384788730e-01 2.346487912419653554e+01 8.577447472080970137e-01 1.000000000000000000e+00
5.555548289987366495e-02 1.744537207036361792e+01 1.000000000000000000e+00 1.000000000000000000e+00
2.612529162710750530e-01 2.128845085122959446e+01 9.999999707126201454e-01 1.000000000000000000e+00
7.712042624089754383e-02 1.838414560871923342e+01 1.000000000000000000e+00 1.000000000000000000e+00
5.640759022648813570e-01 2.322226325116056955e+01 9.400833291764252309e-01 1.000000000000000000e+00
8.356011441632891223e-01 2.434209472358684323e+01 2.469277725378278276e-01 1.000000000000000000e+00
5.408104040932308898e-01 2.309384556006439126e+01 9.650307583753789942e-01 1.000000000000000000e+00
1.580492104155863942e-01 2.011534439668815466e+01 9.999999999999960032e-01 1.000000000000000000e+00
6.612757338665409268e-01 2.355643532752313263e+01 8.124953666442744638e-01 1.000000000000000000e+00
9.485689136310804237e-01 2.467380854291673842e+01 8.889078616080781092e-02 1.000000000000000000e+00
4.000737177228639307e-01 2.229050896567566298e+01 9.996857206577214328e-01 1.000000000000000000e+00
5.479092229311792739e-01 2.317556651669099566e+01 9.504125540409358308e-01 1.000000000000000000e+00
7.534888576331288945e-02 1.831052497056829864e+01 1.000000000000000000e+00 1.000000000000000000e+00
5.223950139481126076e-01 2.309798682708476392e+01 9.643864115436358020e-01 1.000000000000000000e+00
3.101872633099076459e-01 2.180978190548805529e+01 9.999940779012679304e-01 1.000000000000000000e+00
7.255163659234347140e-01 2.392227560961631383e+01 5.617662349880886419e-01 1.000000000000000000e+00
9.320763104426053047e-01 2.454242155236642375e+01 1.389955753058125798e-01 1.000000000000000000e+00
5.259586408375371835e-01 2.297876031206743974e+01 9.794479984102730796e-01 1.000000000000000000e+00
1.443901169177008725e-02 1.469972284825580111e+01 1.000000000000000000e+00 1.000000000000000000e+00
8.080861612370755509e-01 2.417168578633773279e+01 3.656594713318190859e-01 1.000000000000000000e+00
7.516138145665225423e-01 2.393820263639138446e+01 5.491819162264428567e-01 1.000000000000000000e+00
9.343550333081851456e-02 1.896959412588837779e+01 1.000000000000000000e+00 1.000000000000000000e+00
8.482978959037865696e-01 2.439131366356091846e+01 2.169229946478531956e-01 1.000000000000000000e+00
5.799002187850368362e-01 2.346085696124818298e+01 8.595469458521372008e-01 1.000000000000000000e+00
5.787273247940682985e-02 1.765102904983079313e+01 1.000000000000000000e+00 1.000000000000000000e+00
7.363876621192797511e-01 2.383464490326118224e+01 6.295682990556104031e-01 1.000000000000000000e+00
6.485098362989363263e-01 2.347379506062019061e+01 8.536942308695936177e-01 1.000000000000000000e+00
3.909519856552337025e-01 2.228459173502559665e+01 9.996991162735897607e-01 1.000000000000000000e+00
1.168077650991425909e-01 1.936136054240068560e+01 1.000000000000000000e+00 1.000000000000000000e+00
5.066992115511350647e-01 2.304923351659668285e+01 9.713838806663344094e-01 1.000000000000000000e+00
6.309962676533475978e-01 2.348591946398820696e+01 8.480629667237508107e-01 1.000000000000000000e+00
6.257813099202165219e-01 2.347090026011611741e+01 8.550177457968057837e-01 1.000000000000000000e+00
5.151291091314951220e-01 2.309083797068349497e+01 9.654926911323563621e-01 1.000000000000000000e+00
7.199876861963061536e-01 2.404053122745883897e+01 4.676961420113226464e-01 1.000000000000000000e+00
2.996445806892451547e-01 2.154743290381218301e+01 9.999995331825631828e-01 1.000000000000000000e+00
4.643381733399289946e-01 2.267920447022531505e+01 9.958741189026024676e-01 1.000000000000000000e+00
4.200858760940757719e-01 2.257862334421157513e+01 9.977637163191379610e-01 1.000000000000000000e+00
5.086318833385099492e-01 2.302189709867344192e+01 9.747795423775198476e-01 1.000000000000000000e+00
6.121398826292028250e-01 2.347367565012198298e+01 8.537489857671083371e-01 1.000000000000000000e+00
8.349474379932599888e-01 2.417209825008727364e+01 3.653492570741499468e-01 1.000000000000000000e+00
4.550736932254753064e-01 2.275063206031847329e+01 9.937681417440400455e-01 1.000000000000000000e+00
1.040732508042355953e+00 2.466086961218902829e+01 9.312750119104362678e-02 1.000000000000000000e+00
1.419631923677793228e-01 1.985112476637464951e+01 1.000000000000000000e+00 1.000000000000000000e+00
8.919595029490778870e-02 1.868213153071281951e+01 1.000000000000000000e+00 1.000000000000000000e+00
4.720302274056242808e-01 2.267823954627451499e+01 9.958975650878024721e-01 1.000000000000000000e+00
7.459167487990807643e-01 2.388747632314575498e+01 5.890287819799063795e-01 1.000000000000000000e+00
1.963588630855603867e-01 2.070588357582701633e+01 9.999999999777453574e-01 1.000000000000000000e+00
3.649198498055536977e-01 2.211756987653446771e+01 9.999166788708211406e-01 1.000000000000000000e+00
8.299060528310380214e-01 2.422494792661798613e+01 3.263927688842074848e-01 1.000000000000000000e+00
2.006691307474701702e-01 2.062291525574011786e+01 9.999999999928171901e-01 1.000000000000000000e+00
3.119024450800880199e-01 2.156660363916646261e+01 9.999994328806081079e-01 1.000000000000000000e+00
2.491210269086432394e-01 2.108452822778386349e+01 9.999999972442584761e-01 1.000000000000000000e+00
5.978285795206084163e-01 2.341202380163919727e+01 8.801930504568311608e-01 1.000000000000000000e+00
1.348997958012596587e-01 1.974396381470720030e+01 1.000000000000000000e+00 1.000000000000000000e+00
2.881074717719034339e-03 1.103040414862114105e+01 1.000000000000000000e+00 1.000000000000000000e+00
3.653783448226823882e-01 2.232104333478240576e+01 9.996073338359995342e-01 1.000000000000000000e+00
1.054390821735064598e+00 2.495690649729059629e+01 2.782202726311134092e-02 1.000000000000000000e+00
6.103775571317826554e-02 1.789156186874648213e+01 1.000000000000000000e+00 1.000000000000000000e+00
6.253765400871715840e-01 2.352571827348413080e+01 8.285786568971804655e-01 1.000000000000000000e+00
6.858406395156686486e-01 2.366501915448026239e+01 7.485588942595325923e-01 1.000000000000000000e+00
5.333296347526532699e-01 2.281015679791900297e+01 9.913363115495923417e-01 1.000000000000000000e+00
5.989344940110272741e-01 2.333764347282855667e+01 9.073668291434635602e-01 1.000000000000000000e+00
5.029584193137575099e-01 2.287312502923242974e+01 9.878940482001463685e-01 1.000000000000000000e+00
2.569854823505042241e-01 2.114723625683755159e+01 9.999999942008330756e-01 1.000000000000000000e+00
3.272589641349268330e-01 2.193731626896865805e+01 9.999814928352935839e-01 1.000000000000000000e+00
4.111798233888190879e-01 2.253522787805558991e+01 9.983027025831517909e-01 1.000000000000000000e+00
1.620135787300336361e-01 2.010420636793196181e+01 9.999999999999966693e-01 1.000000000000000000e+00
4.137725306085544563e-01 2.233663879522591600e+01 9.995606306832416355e-01 1.000000000000000000e+00
3.528275939317919718e-01 2.205050978992138511e+01 9.999517007076726971e-01 1.000000000000000000e+00
7.783321031543681823e-01 2.400234284179120436e+01 4.981306895467118023e-01 1.000000000000000000e+00
3.282529244011154201e-01 2.178461689329732209e+01 9.999953050576494418e-01 1.000000000000000000e+00
4.861986621002913900e-01 2.274688663403243183e+01 9.938986328832860595e-01 1.000000000000000000e+00
4.686675716553345694e-02 1.727147314516680510e+01 1.000000000000000000e+00 1.000000000000000000e+00
5.074999986218242665e-01 2.305472877431282797e+01 9.706572756843729888e-01 1.000000000000000000e+00
6.068567622586655830e-01 2.337739267524306541e+01 8.934735704573466553e-01 1.000000000000000000e+00
2.770291978972725389e-01 2.144952174247656274e+01 9.999998310293961579e-01 1.000000000000000000e+00
1.163451383563995911e-01 1.939256326984736489e+01 1.000000000000000000e+00 1.000000000000000000e+00
1.517846029862039980e-01 2.017540917257645461e+01 9.999999999999898970e-01 1.000000000000000000e+00
3.135343467591278355e-01 2.171933327897986743e+01 9.999974585106258251e-01 1.000000000000000000e+00
4.688714273205327743e-01 2.285615014774628051e+01 9.889224925350462714e-01 1.000000000000000000e+00
4.965986943350895189e-01 2.280693303495076663e+01 9.914867254602292013e-01 1.000000000000000000e+00
1.347657022535293514e-01 1.971546738371374730e+01 1.000000000000000000e+00 1.000000000000000000e+00
1.598501224635784368e-01 2.002302648913346772e+01 9.999999999999991118e-01 1.000000000000000000e+00
3.337428251441834082e-01 2.174263769737899210e+01 9.999968300450925440e-01 1.000000000000000000e+00
8.289168109210414137e-01 2.418231513059087945e+01 3.576937113476156282e-01 1.000000000000000000e+00
4.559801808471712903e-01 2.274202313013617172e+01 9.940644618440612756e-01 1.000000000000000000e+00
1.051752795192559820e-01 1.915149332158286555e+01 1.000000000000000000e+00 1.000000000000000000e+00
2.190029332976139997e-01 2.080524728855696637e+01 9.999999999167884512e-01 1.000000000000000000e+00
4.808912151346442787e-01 2.284136468475162118e+01 9.897555029385597392e-01 1.000000000000000000e+00
7.352283890761419638e-01 2.397861861921897741e+01 5.170546756059910543e-01 1.000000000000000000e+00
9.612433717677264511e-01 2.471740903445718018e+01 7.566947379137711760e-02 1.000000000000000000e+00
7.959281592105775793e-01 2.421837121729357278e+01 3.311490754770216594e-01 1.000000000000000000e+00
1.197737700760592716e-03 8.965759208879230613e+00 1.000000000000000000e+00 1.000000000000000000e+00
1.436957478898182039e-02 1.466035770554817397e+01 1.000000000000000000e+00 1.000000000000000000e+00
8.748526570331152108e-01 2.418527003060484049e+01 3.554900664139297728e-01 1.000000000000000000e+00
6.923396312876488601e-01 2.391407259856579870e+01 5.682241600382208491e-01 1.000000000000000000e+00
6.441449972563890736e-01 2.353389471268195976e+01 8.243861442115811844e-01 1.000000000000000000e+00
1.040872696307068246e+00 2.471801700505381660e+01 7.549633192847686469e-02 1.000000000000000000e+00
7.411993449125786615e-01 2.405072543747958136e+01 4.595962761918895301e-01 1.000000000000000000e+00
6.760272102996811583e-02 1.808528605508986686e+01 1.000000000000000000e+00 1.000000000000000000e+00
4.089701051397149900e-01 2.254038265428305721e+01 9.982455403054835141e-01 1.000000000000000000e+00
4.768687760845833346e-01 2.276632165676148034e+01 9.931942652206722233e-01 1.000000000000000000e+00
7.210489548200444965e-01 2.384427879451809318e+01 6.222678416956493042e-01 1.000000000000000000e+00
4.466375498618466722e-01 2.257444028808836123e+01 9.978217198227189444e-01 1.000000000000000000e+00
7.157678595835652580e-01 2.379449808823486379e+01 6.594651344731582432e-01 1.000000000000000000e+00
8.005328044626951467e-01 2.408598863481271124e+01 4.317276994758531550e-01 1.000000000000000000e+00
3.373186799500762501e-01 2.180425834593540202e+01 9.999943710010125164e-01 1.000000000000000000e+00
1.307500432515162903e-01 1.973237500858978777e+01 1.000000000000000000e+00 1.000000000000000000e+00
6.918684588776080613e-01 2.374111000936260041e+01 6.976941064530109982e-01 1.000000000000000000e+00
8.605463575438669910e-01 2.435459733124887194e+01 2.391018426407712227e-01 1.000000000000000000e+00
4.906066592714570795e-01 2.270122481744533616e+01 9.953054325093346755e-01 1.000000000000000000e+00
3.777911271716851704e-01 2.240591986569318195e+01 9.992840942397408499e-01 1.000000000000000000e+00
4.249459638257186977e-01 2.242432066103787136e+01 9.991874360706159974e-01 1.000000000000000000e+00
2.809407193415671689e-01 2.138699966628858107e+01 9.999999133921332328e-01 1.000000000000000000e+00
4.321065297969004515e-01 2.255123886906985575e+01 9.981193847826680399e-01 1.000000000000000000e+00
8.216358651153536918e-01 2.413283382978281821e+01 3.952475862386132799e-01 1.000000000000000000e+00
5.867701115942971501e-01 2.326160336052169697e+01 9.301344706261197581e-01 1.000000000000000000e+00
3.970098247709363815e-01 2.228824410892644181e+01 9.996909121403548815e-01 1.000000000000000000e+00
7.428541202909895169e-01 2.404013844213972106e+01 4.680085212707987830e-01 1.000000000000000000e+00
5.752779597864083883e-01 2.340655420653375529e+01 8.823648068804751388e-01 1.000000000000000000e+00
7.257789168606798569e-01 2.360280102324431084e+01 7.865181024016456579e-01 1.000000000000000000e+00
1.841812541342258136e-01 2.040596699145980608e+01 9.999999999996713740e-01 1.000000000000000000e+00
3.924361301161616300e-01 2.234376067277715450e+01 9.995376340880038901e-01 1.000000000000000000e+00
7.333132280069958320e-01 2.374282846973398264e+01 6.964939195506804070e-01 1.000000000000000000e+00
5.964596441409453220e-02 1.789333828119615077e+01 1.000000000000000000e+00 1.000000000000000000e+00
8.528292462546787078e-01 2.447447144560726784e+01 1.713248292193856326e-01 1.000000000000000000e+00
4.472489854991077429e-01 2.258521309381070807e+01 9.976694976469653309e-01 1.000000000000000000e+00
6.989723339862210505e-01 2.378926054238819887e+01 6.632972977480303678e-01 1.000000000000000000e+00
3.981777721863934971e-01 2.230539468052399954e+01 9.996495292794644882e-01 1.000000000000000000e+00
1.333952921336445385e-01 1.971680125657470484e+01 1.000000000000000000e+00 1.000000000000000000e+00
8.927512267089299236e-02 1.887739948278652591e+01 1.000000000000000000e+00 1.000000000000000000e+00
4.015091986777821198e-01 2.237873414136053540e+01 9.994076361972398237e-01 1.000000000000000000e+00
5.401264324921939419e-03 1.259854852144667703e+01 1.000000000000000000e+00 1.000000000000000000e+00
1.474927562840988582e-01 1.988064080259987421e+01 9.999999999999998890e-01 1.000000000000000000e+00
5.484881824208001078e-01 2.302354082814173353e+01 9.745853641426993619e-01 1.000000000000000000e+00
4.811217582552962391e-01 2.273272230164971219e+01 9.943704938249685599e-01 1.000000000000000000e+00
1.559422328389152845e-01 1.980556260643209399e+01 1.000000000000000000e+00 1.000000000000000000e+00
3.228294994047620214e-02 1.622999339699683219e+01 1.000000000000000000e+00 1.000000000000000000e+00
8.739648949629330588e-02 1.849300252277240375e+01 1.000000000000000000e+00 1.000000000000000000e+00
4.741889189869930021e-01 2.293939244245447284e+01 9.830481480753529011e-01 1.000000000000000000e+00
4.547799640191718673e-01 2.261109372286174590e+01 9.972636910710936942e-01 1.000000000000000000e+00
4.841941722035361106e-01 2.288856198660575814e+01 9.868879196414408472e-01 1.000000000000000000e+00
3.627842025545584548e-01 2.210014219677553982e+01 9.999275688833729747e-01 1.000000000000000000e+00
2.588563057677932822e-01 2.132631776361415632e+01 9.999999553779050920e-01 1.000000000000000000e+00
5.012807230930005353e-01 2.284464204775897400e+01 9.895757239170067665e-01 1.000000000000000000e+00
6.415168684117384945e-01 2.351379485005677594e+01 8.345767650540667493e-01 1.000000000000000000e+00
8.190953948362504899e-01 2.419698449355725600e+01 3.468019680446418063e-01 1.000000000000000000e+00
6.344109544168241577e-01 2.360401123875723428e+01 7.858131086812316646e-01 1.000000000000000000e+00
3.881834861183375285e-01 2.227558464868628363e+01 9.997184902117698391e-01 1.000000000000000000e+00
2.662965589394736821e-01 2.123221993119619100e+01 9.999999844882369038e-01 1.000000000000000000e+00
1.966471528189661644e-01 2.057551595365892538e+01 9.999999999962807529e-01 1.000000000000000000e+00
2.923190462313047799e-01 2.178881800028145577e+01 9.999951186599354003e-01 1.000000000000000000e+00
6.613094857561900852e-01 2.358113050583189718e+01 7.989113443431208328e-01 1.000000000000000000e+00
2.547790140130314906e-01 2.117156725516770877e+01 9.999999922918756390e-01 1.000000000000000000e+00
4.246394095221148746e-01 2.244598277191422753e+01 9.990583194550634039e-01 1.000000000000000000e+00
5.110809635520094929e-01 2.290705690030219444e+01 9.855880339208045182e-01 1.000000000000000000e+00
8.274820196155070473e-01 2.423036073080107045e+01 3.224992276688057879e-01 1.000000000000000000e+00
9.498412979431769543e-02 1.882487923812925956e+01 1.000000000000000000e+00 1.000000000000000000e+00
4.054223432472874311e-01 2.240446157531988902e+01 9.992912821369916987e-01 1.000000000000000000e+00
3.492657343854643770e-01 2.202312839305612613e+01 9.999615310100354870e-01 1.000000000000000000e+00
9.107860167842509735e-01 2.440479319009002879e+01 2.090889692530686350e-01 1.000000000000000000e+00
6.571549167822483550e-01 2.368337995812640173e+01 7.367115632093713673e-01 1.000000000000000000e+00
9.619686626512404803e-01 2.445988366374398737e+01 1.788471802611145134e-01 1.000000000000000000e+00
3.558050925820164245e-01 2.198402994932182963e+01 9.999723408560573512e-01 1.000000000000000000e+00
7.464380868903084387e-01 2.409563886624129481e+01 4.241540029481719043e-01 1.000000000000000000e+00
6.458298313004890989e-01 2.352967371521929607e+01 8.265585336878700229e-01 1.000000000000000000e+00
4.996115105660710043e-01 2.307716959965400960e+01 9.675292638554953140e-01 1.000000000000000000e+00
4.677241862423517915e-01 2.270008140563895083e+01 9.953366000475803999e-01 1.000000000000000000e+00
2.935722740668071928e-01 2.153986387675874781e+01 9.999995678804283195e-01 1.000000000000000000e+00
7.247284368778044161e-01 2.393968649305114837e+01 5.480067644588948461e-01 1.000000000000000000e+00
6.869749271840954741e-01 2.364004291987563633e+01 7.642110755285160817e-01 1.000000000000000000e+00
4.503542803390092608e-01 2.256768155014671962e+01 9.979125617449854380e-01 1.000000000000000000e+00
5.421912599883322859e-01 2.312091947591407148e+01 9.606399445946821603e-01 1.000000000000000000e+00
7.445860309496907803e-01 2.399874645930458428e+01 5.010001797194457707e-01 1.000000000000000000e+00
6.044423819897153383e-01 2.330239908441462404e+01 9.185225075037579678e-01 1.000000000000000000e+00
4.254494026062252132e-01 2.259709217132223102e+01 9.974905301920710121e-01 1.000000000000000000e+00
4.487742478749672248e-01 2.280938722905085214e+01 9.913724282088709483e-01 1.000000000000000000e+00
1.484407005952492753e-01 1.969097691337651668e+01 1.000000000000000000e+00 1.000000000000000000e+00
2.039429614978285343e-01 2.061240870464836306e+01 9.999999999937875250e-01 1.000000000000000000e+00
3.973485985329894277e-02 1.674758737819681542e+01 1.000000000000000000e+00 1.000000000000000000e+00
5.302245948039974177e-01 2.311034313551650143e+01 9.624058293105164363e-01 1.000000000000000000e+00
1.330660280004236640e-02 1.434627309725690125e+01 1.000000000000000000e+00 1.000000000000000000e+00
6.709160098785471593e-01 2.371933481708910918e+01 7.127138277098447050e-01 1.000000000000000000e+00
8.507315339068983739e-01 2.421864031857332833e+01 3.309539179799692032e-01 1.000000000000000000e+00
6.110383190094943462e-01 2.331665772368140566e+01 9.141378991072508509e-01 1.000000000000000000e+00
5.696848667434439850e-01 2.319515573408403242e+01 9.462670650915945281e-01 1.000000000000000000e+00
3.067989278621512383e-01 2.160503917731309897e+01 9.999991657677412826e-01 1.000000000000000000e+00
3.297666643605607906e-01 2.176741541309419148e+01 9.999959997245636556e-01 1.000000000000000000e+00
2.564198476305001861e-02 1.604240886738228156e+01 1.000000000000000000e+00 1.000000000000000000e+00
2.946801278948114611e-01 2.167397596382897618e+01 9.999983567278248886e-01 1.000000000000000000e+00
1.650742586186648708e-01 2.022773405750139020e+01 9.999999999999773515e-01 1.000000000000000000e+00
4.648496839140232595e-01 2.275971746489590686e+01 9.934412840368113118e-01 1.000000000000000000e+00
3.508445658478587248e-02 1.643581066101724275e+01 1.000000000000000000e+00 1.000000000000000000e+00
4.036292338722413664e-01 2.237970295239904317e+01 9.994035955104164648e-01 1.000000000000000000e+00
2.470183931248712828e-01 2.126389391861847500e+01 9.999999777773860288e-01 1.000000000000000000e+00
4.369337626979363787e-01 2.266288358166693584e+01 9.962549785634806643e-01 1.000000000000000000e+00
6.791586064933319289e-01 2.374047920194459493e+01 6.981341326838335082e-01 1.000000000000000000e+00
4.765553805302045198e-01 2.287942710886395048e+01 9.874916832655438181e-01 1.000000000000000000e+00
1.284518984724356550e-01 1.953167223890934778e+01 1.000000000000000000e+00 1.000000000000000000e+00
3.719679417183932024e-01 2.209851588702699132e+01 9.999285136504735272e-01 1.000000000000000000e+00
3.002891830607956614e-02 1.636036963826039781e+01 1.000000000000000000e+00 1.000000000000000000e+00
8.404628874753132806e-01 2.424859968799434284e+01 3.095242307213653676e-01 1.000000000000000000e+00
4.050192938139078880e-01 2.226735978358193435e+01 9.997351605784081663e-01 1.000000000000000000e+00
1.991641839291302674e-02 1.521569089223024918e+01 1.000000000000000000e+00 1.000000000000000000e+00
4.829047178849013022e-01 2.279661430671588462e+01 9.919528794080348932e-01 1.000000000000000000e+00
4.565014120955788179e-01 2.270250634551786817e+01 9.952702794119600016e-01 1.000000000000000000e+00
6.901442039750183000e-01 2.359860306171692201e+01 7.889530589761020174e-01 1.000000000000000000e+00
8.567283374660790152e-01 2.426574808034695963e+01 2.975375005592769129e-01 1.000000000000000000e+00
1.945541034493492027e-01 2.042897613329280304e+01 9.999999999995402566e-01 1.000000000000000000e+00
1.976105860315722218e-01 2.061955089985257317e+01 9.999999999931430406e-01 1.000000000000000000e+00
2.659252896503856434e-01 2.134634528406752452e+01 9.999999443723888159e-01 1.000000000000000000e+00
1.324639156465512446e-01 1.948304233836929455e+01 1.000000000000000000e+00 1.000000000000000000e+00
6.137356334883183884e-01 2.346546131664444701e+01 8.574825953547373647e-01 1.000000000000000000e+00
7.277749714710370910e-01 2.394133611418790153e+01 5.466998407814723793e-01 1.000000000000000000e+00
2.785765523073995276e-01 2.129651698431463558e+01 9.999999679493527527e-01 1.000000000000000000e+00
